0.000247
0.002165
0.004159
0.006156
0.008149
0.010149
0.012188
0.014158
0.016161
0.018162
0.020246
0.022179
0.024185
0.026180
0.028167
0.030164
0.032176
0.034164
0.036172
0.038172
0.040176
0.042161
0.044158
0.046160
0.048168
0.050160
0.052157
0.054163
0.056169
0.058160
0.060158
0.062160
0.064176
0.066173
0.068164
0.070163
0.072167
0.074159
0.076165
0.078162
0.080230
0.082155
0.084158
0.086161
0.088165
0.090156
0.092166
0.094157
0.096160
0.098155
0.100163
0.102161
0.104161
0.106160
0.108161
0.110161
0.112158
0.114176
0.116163
0.118161
0.120188
0.122194
0.124179
0.126174
0.128185
0.130178
0.132161
0.134162
0.136157
0.138165
0.140168
0.142159
0.144158
0.146161
0.148157
0.150161
0.152172
0.154165
0.156167
0.158160
0.160175
0.162165
0.164164
0.166160
0.168162
0.170249
0.172158
0.174151
0.176160
0.178163
0.180162
0.182222
0.184173
0.186160
0.188157
0.190158
0.192166
0.194170
0.196178
0.198162
0.200232
0.202179
0.204165
0.206168
0.208169
0.210158
0.212158
0.214158
0.216222
0.218182
0.220175
0.222195
0.224173
0.226189
0.228160
0.230161
0.232160
0.234159
0.236156
0.238171
0.240164
0.242158
0.244165
0.246185
0.248190
0.250163
0.252159
0.254159
0.256166
0.258163
0.260180
0.262156
0.264164
0.266178
0.268159
0.270160
0.272158
0.274154
0.276163
0.278168
0.280162
0.282160
0.284167
0.286156
0.288218
0.290154
0.292153
0.294155
0.296207
0.298165
0.300174
0.302152
0.304226
0.306153
0.308179
0.310161
0.312216
0.314157
0.316160
0.318192
0.320235
0.322174
0.324203
0.326180
0.328189
0.330177
0.332165
0.334176
0.336157
0.338155
0.340158
0.342157
0.344158
0.346161
0.348157
0.350160
0.352157
0.354152
0.356161
0.358161
0.360167
0.362157
0.364166
0.366215
0.368159
0.370160
0.372202
0.374157
0.376224
0.378158
0.380161
0.382158
0.384223
0.386183
0.388168
0.390162
0.392215
0.394162
0.396165
0.398161
0.400216
0.402157
0.404157
0.406162
0.408297
0.410160
0.412204
0.414177
0.416159
0.418163
0.420164
0.422165
0.424151
0.426162
0.428158
0.430177
0.432166
0.434206
0.436204
0.438204
0.440228
0.442157
0.444164
0.446171
0.448158
0.450194
0.452172
0.454430
0.456175
0.458182
0.460171
0.462157
0.464167
0.466157
0.468179
0.470172
0.472155
0.474154
0.476168
0.478170
0.480161
0.482155
0.484165
0.486153
0.488170
0.490150
0.492156
0.494159
0.496194
0.498183
0.500231
0.502155
0.504178
0.506182
0.508150
0.510150
0.512152
0.514182
0.516179
0.518172
0.520182
0.522170
0.524164
0.526189
0.528164
0.530169
0.532164
0.534162
0.536192
0.538173
0.540156
0.542161
0.544157
0.546171
0.548174
0.550167
0.552168
0.554170
0.556169
0.558169
0.560207
0.562156
0.564166
0.566163
0.568160
0.570159
0.572163
0.574155
0.576161
0.578158
0.580196
0.582168
0.584167
0.586160
0.588168
0.590159
0.592158
0.594157
0.596168
0.598153
0.600169
0.602162
0.604159
0.606158
0.608164
0.610155
0.612212
0.614182
0.616180
0.618159
0.620241
0.622188
0.624181
0.626168
0.628158
0.630179
0.632175
0.634177
0.636219
0.638183
0.640156
0.642163
0.644165
0.646168
0.648150
0.650151
0.652151
0.654151
0.656154
0.658158
0.660208
0.662173
0.664183
0.666200
0.668187
0.670157
0.672156
0.674160
0.676155
0.678157
0.680155
0.682158
0.684168
0.686173
0.688159
0.690164
0.692164
0.694161
0.696168
0.698167
0.700169
0.702160
0.704216
0.706161
0.708172
0.710176
0.712222
0.714163
0.716167
0.718161
0.720227
0.722163
0.724185
0.726181
0.728232
0.730166
0.732206
0.734157
0.736180
0.738159
0.740164
0.742164
0.744211
0.746184
0.748191
0.750160
0.752190
0.754161
0.756190
0.758162
0.760219
0.762156
0.764167
0.766174
0.768166
0.770166
0.772213
0.774168
0.776179
0.778166
0.780167
0.782162
0.784234
0.786156
0.788178
0.790168
0.792290
0.794164
0.796160
0.798161
0.800220
0.802165
0.804163
0.806155
0.808203
0.810161
0.812189
0.814159
0.816162
0.818154
0.820187
0.822163
0.824156
0.826159
0.828170
0.830169
0.832152
0.834161
0.836156
0.838164
0.840167
0.842153
0.844153
0.846169
0.848207
0.850162
0.852159
0.854159
0.856153
0.858156
0.860154
0.862159
0.864154
0.866154
0.868164
0.870170
0.872157
0.874159
0.876160
0.878230
0.880165
0.882157
0.884173
0.886163
0.888158
0.890154
0.892152
0.894149
0.896155
0.898154
0.900157
0.902158
0.904163
0.906149
0.908153
0.910149
0.912245
0.914166
0.916168
0.918160
0.920288
0.922154
0.924153
0.926156
0.928204
0.930161
0.932156
0.934155
0.936206
0.938154
0.940156
0.942152
0.944200
0.946160
0.948157
0.950158
0.952203
0.954174
0.956217
0.958179
0.960155
0.962154
0.964185
0.966166
0.968176
0.970168
0.972166
0.974159
0.976154
0.978156
0.980160
0.982159
0.984159
0.986155
0.988159
0.990158
0.992158
0.994152
0.996169
0.998157
1.000154
1.002156
1.004164
1.006154
1.008158
1.010158
1.012185
1.014153
1.016255
1.018151
1.020156
1.022155
1.024154
1.026152
1.028166
1.030157
1.032161
1.034162
1.036180
1.038159
1.040161
1.042158
1.044156
1.046161
1.048152
1.050162
1.052159
1.054159
1.056152
1.058153
1.060155
1.062164
1.064151
1.066169
1.068156
1.070154
1.072152
1.074157
1.076152
1.078155
1.080420
1.082159
1.084159
1.086202
1.088183
1.090168
1.092159
1.094180
1.096171
1.098164
1.100159
1.102156
1.104158
1.106154
1.108157
1.110159
1.112162
1.114155
1.116183
1.118160
1.120161
1.122220
1.124162
1.126157
1.128177
1.130155
1.132152
1.134157
1.136166
1.138155
1.140172
1.142164
1.144178
1.146163
1.148163
1.150164
1.152166
1.154158
1.156162
1.158160
1.160180
1.162165
1.164157
1.166158
1.168213
1.170156
1.172161
1.174153
1.176159
1.178158
1.180182
1.182157
1.184164
1.186155
1.188164
1.190159
1.192164
1.194157
1.196162
1.198160
1.200161
1.202204
1.204190
1.206167
1.208161
1.210156
1.212157
1.214156
1.216188
1.218157
1.220170
1.222173
1.224177
1.226161
1.228168
1.230150
1.232157
1.234152
1.236158
1.238155
1.240159
1.242156
1.244177
1.246159
1.248181
1.250158
1.252175
1.254158
1.256163
1.258174
1.260181
1.262160
1.264175
1.266162
1.268165
1.270166
1.272176
1.274165
1.276167
1.278161
1.280191
1.282156
1.284158
1.286159
1.288223
1.290167
1.292167
1.294157
1.296218
1.298157
1.300159
1.302156
1.304287
1.306157
1.308161
1.310156
1.312211
1.314158
1.316158
1.318160
1.320222
1.322158
1.324160
1.326157
1.328216
1.330173
1.332163
1.334157
1.336227
1.338154
1.340153
1.342157
1.344193
1.346251
1.348178
1.350151
1.352168
1.354164
1.356174
1.358165
1.360160
1.362153
1.364173
1.366156
1.368169
1.370213
1.372173
1.374160
1.376155
1.378160
1.380184
1.382159
1.384161
1.386158
1.388160
1.390166
1.392165
1.394164
1.396164
1.398159
1.400166
1.402155
1.404157
1.406157
1.408158
1.410157
1.412159
1.414163
1.416175
1.418173
1.420176
1.422157
1.424155
1.426155
1.428157
1.430158
1.432157
1.434158
1.436157
1.438162
1.440165
1.442152
1.444153
1.446159
1.448191
1.450155
1.452158
1.454285
1.456186
1.458157
1.460152
1.462153
1.464155
1.466153
1.468157
1.470152
1.472163
1.474153
1.476154
1.478157
1.480243
1.482166
1.484176
1.486158
1.488171
1.490159
1.492162
1.494154
1.496233
1.498151
1.500200
1.502162
1.504201
1.506159
1.508169
1.510154
1.512197
1.514170
1.516178
1.518157
1.520217
1.522155
1.524158
1.526158
1.528226
1.530155
1.532153
1.534154
1.536213
1.538168
1.540155
1.542163
1.544158
1.546190
1.548168
1.550175
1.552157
1.554162
1.556175
1.558161
1.560167
1.562167
1.564164
1.566170
1.568161
1.570169
1.572164
1.574167
1.576161
1.578169
1.580164
1.582166
1.584157
1.586162
1.588163
1.590169
1.592164
1.594167
1.596165
1.598168
1.600168
1.602164
1.604168
1.606166
1.608165
1.610167
1.612175
1.614171
1.616167
1.618160
1.620169
1.622171
1.624168
1.626165
1.628169
1.630160
1.632172
1.634159
1.636168
1.638160
1.640164
1.642157
1.644169
1.646180
1.648170
1.650167
1.652171
1.654165
1.656178
1.658159
1.660185
1.662170
1.664170
1.666158
1.668164
1.670159
1.672158
1.674160
1.676173
1.678168
1.680161
1.682167
1.684164
1.686162
1.688168
1.690162
1.692165
1.694160
1.696161
1.698162
1.700164
1.702157
1.704170
1.706170
1.708162
1.710161
1.712166
1.714163
1.716159
1.718161
1.720161
1.722162
1.724162
1.726162
1.728160
1.730161
1.732168
1.734163
1.736165
1.738160
1.740172
1.742172
1.744160
1.746167
1.748175
1.750172
1.752226
1.754160
1.756162
1.758162
1.760213
1.762157
1.764173
1.766169
1.768226
1.770156
1.772159
1.774253
1.776157
1.778178
1.780224
1.782174
1.784201
1.786179
1.788335
1.790164
1.792221
1.794154
1.796158
1.798153
1.800226
1.802151
1.804157
1.806173
1.808228
1.810152
1.812159
1.814156
1.816299
1.818165
1.820162
1.822168
1.824216
1.826155
1.828159
1.830157
1.832218
1.834156
1.836152
1.838170
1.840211
1.842155
1.844154
1.846186
1.848156
1.850164
1.852197
1.854161
1.856157
1.858160
1.860163
1.862159
1.864158
1.866158
1.868171
1.870170
1.872166
1.874157
1.876165
1.878157
1.880208
1.882169
1.884154
1.886164
1.888171
1.890160
1.892159
1.894161
1.896164
1.898159
1.900173
1.902207
1.904217
1.906158
1.908182
1.910159
1.912222
1.914216
1.916163
1.918157
1.920177
1.922161
1.924157
1.926156
1.928170
1.930163
1.932161
1.934165
1.936184
1.938160
1.940166
1.942156
1.944178
1.946160
1.948219
1.950158
1.952171
1.954191
1.956207
1.958175
1.960159
1.962161
1.964152
1.966161
1.968156
1.970149
1.972168
1.974150
1.976157
1.978152
1.980275
1.982162
1.984167
1.986163
1.988162
1.990164
1.992167
1.994159
1.996162
1.998174
2.000177
2.002154
2.004159
2.006155
2.008171
2.010153
2.012163
2.014154
2.016218
2.018162
2.020156
2.022173
2.024163
2.026159
2.028166
2.030211
2.032160
2.034161
2.036201
2.038170
2.040262
2.042157
2.044163
2.046164
2.048220
2.050161
2.052163
2.054157
2.056225
2.058157
2.060159
2.062164
2.064229
2.066167
2.068165
2.070158
2.072291
2.074154
2.076159
2.078160
2.080260
2.082189
2.084157
2.086206
2.088157
2.090156
2.092154
2.094157
2.096231
2.098184
2.100157
2.102164
2.104217
2.106161
2.108156
2.110158
2.112199
2.114160
2.116163
2.118161
2.120256
2.122173
2.124157
2.126179
2.128174
2.130171
2.132157
2.134163
2.136156
2.138162
2.140205
2.142160
2.144208
2.146282
2.148167
2.150161
2.152159
2.154158
2.156158
2.158157
2.160159
2.162299
2.164161
2.166156
2.168174
2.170152
2.172169
2.174160
2.176193
2.178153
2.180178
2.182158
2.184172
2.186189
2.188164
2.190161
2.192231
2.194166
2.196157
2.198156
2.200287
2.202190
2.204165
2.206157
2.208167
2.210159
2.212157
2.214164
2.216173
2.218156
2.220171
2.222199
2.224219
2.226167
2.228296
2.230160
2.232201
2.234158
2.236166
2.238158
2.240166
2.242159
2.244170
2.246165
2.248201
2.250169
2.252159
2.254162
2.256168
2.258165
2.260158
2.262159
2.264160
2.266182
2.268164
2.270157
2.272165
2.274159
2.276167
2.278162
2.280260
2.282158
2.284155
2.286163
2.288200
2.290157
2.292159
2.294158
2.296217
2.298161
2.300176
2.302160
2.304157
2.306156
2.308158
2.310153
2.312157
2.314155
2.316195
2.318160
2.320158
2.322173
2.324197
2.326156
2.328199
2.330169
2.332162
2.334159
2.336161
2.338156
2.340157
2.342160
2.344157
2.346181
2.348167
2.350168
2.352235
2.354156
2.356198
2.358161
2.360159
2.362202
2.364164
2.366209
2.368154
2.370234
2.372167
2.374158
2.376164
2.378156
2.380169
2.382158
2.384165
2.386170
2.388186
2.390162
2.392157
2.394158
2.396161
2.398156
2.400169
2.402160
2.404160
2.406158
2.408163
2.410158
2.412166
2.414188
2.416160
2.418162
2.420168
2.422174
2.424162
2.426155
2.428168
2.430154
2.432151
2.434155
2.436153
2.438153
2.440155
2.442155
2.444152
2.446249
2.448186
2.450172
2.452177
2.454183
2.456167
2.458163
2.460157
2.462157
2.464182
2.466176
2.468176
2.470191
2.472184
2.474169
2.476167
2.478166
2.480346
2.482176
2.484170
2.486161
2.488193
2.490156
2.492169
2.494160
2.496181
2.498161
2.500156
2.502151
2.504157
2.506155
2.508158
2.510153
2.512153
2.514169
2.516216
2.518183
2.520228
2.522184
2.524161
2.526156
2.528173
2.530158
2.532194
2.534196
2.536264
2.538166
2.540218
2.542169
2.544177
2.546186
2.548166
2.550152
2.552154
2.554153
2.556156
2.558152
2.560152
2.562199
2.564164
2.566166
2.568186
2.570159
2.572161
2.574156
2.576159
2.578161
2.580256
2.582188
2.584314
2.586159
2.588169
2.590163
2.592226
2.594156
2.596193
2.598157
2.600238
2.602158
2.604158
2.606162
2.608228
2.610159
2.612162
2.614160
2.616237
2.618156
2.620188
2.622174
2.624180
2.626156
2.628172
2.630155
2.632166
2.634158
2.636155
2.638155
2.640170
2.642154
2.644161
2.646210
2.648160
2.650166
2.652152
2.654166
2.656168
2.658161
2.660154
2.662215
2.664193
2.666185
2.668169
2.670168
2.672159
2.674159
2.676161
2.678158
2.680199
2.682179
2.684157
2.686159
2.688158
2.690161
2.692152
2.694154
2.696160
2.698152
2.700169
2.702178
2.704196
2.706156
2.708163
2.710164
2.712187
2.714159
2.716155
2.718154
2.720192
2.722155
2.724161
2.726155
2.728247
2.730168
2.732168
2.734159
2.736163
2.738157
2.740167
2.742154
2.744226
2.746169
2.748224
2.750167
2.752192
2.754161
2.756171
2.758159
2.760163
2.762164
2.764174
2.766160
2.768172
2.770162
2.772175
2.774166
2.776160
2.778159
2.780168
2.782155
2.784160
2.786157
2.788210
2.790167
2.792182
2.794156
2.796163
2.798163
2.800162
2.802160
2.804160
2.806156
2.808161
2.810158
2.812158
2.814167
2.816186
2.818159
2.820157
2.822169
2.824160
2.826159
2.828159
2.830174
2.832156
2.834157
2.836157
2.838169
2.840169
2.842164
2.844156
2.846159
2.848202
2.850160
2.852157
2.854157
2.856227
2.858179
2.860166
2.862167
2.864163
2.866213
2.868159
2.870180
2.872230
2.874156
2.876157
2.878156
2.880201
2.882154
2.884170
2.886155
2.888213
2.890204
2.892164
2.894155
2.896225
2.898155
2.900163
2.902166
2.904225
2.906154
2.908176
2.910156
2.912238
2.914239
2.916208
2.918285
2.920247
2.922163
2.924269
2.926195
2.928185
2.930212
2.932208
2.934190
2.936346
2.938204
2.940305
2.942220
2.944163
2.946247
2.948175
2.950161
2.952158
2.954197
2.956180
2.958188
2.960157
2.962158
2.964156
2.966178
2.968199
2.970185
2.972158
2.974205
2.976159
2.978194
2.980213
2.982157
2.984166
2.986183
2.988162
2.990155
2.992161
2.994158
2.996185
2.998164
3.000165
3.002163
3.004168
3.006166
3.008163
3.010162
3.012184
3.014162
3.016193
3.018158
3.020163
3.022159
3.024160
3.026164
3.028169
3.030175
3.032171
3.034171
3.036173
3.038165
3.040159
3.042157
3.044158
3.046186
3.048160
3.050162
3.052158
3.054161
3.056159
3.058161
3.060159
3.062163
3.064158
3.066162
3.068160
3.070159
3.072164
3.074169
3.076169
3.078173
3.080257
3.082183
3.084165
3.086164
3.088162
3.090164
3.092161
3.094166
3.096167
3.098183
3.100166
3.102162
3.104158
3.106166
3.108164
3.110158
3.112161
3.114163
3.116190
3.118162
3.120167
3.122172
3.124176
3.126161
3.128157
3.130159
3.132157
3.134156
3.136162
3.138155
3.140175
3.142158
3.144163
3.146167
3.148208
3.150198
3.152163
3.154162
3.156164
3.158188
3.160178
3.162173
3.164172
3.166158
3.168165
3.170158
3.172157
3.174155
3.176165
3.178160
3.180184
3.182164
3.184158
3.186154
3.188151
3.190155
3.192171
3.194155
3.196164
3.198159
3.200150
3.202179
3.204181
3.206166
3.208161
3.210185
3.212165
3.214166
3.216166
3.218161
3.220183
3.222153
3.224213
3.226183
3.228169
3.230161
3.232162
3.234159
3.236161
3.238157
3.240165
3.242153
3.244169
3.246157
3.248194
3.250162
3.252168
3.254160
3.256155
3.258158
3.260158
3.262152
3.264157
3.266161
3.268277
3.270167
3.272165
3.274171
3.276175
3.278160
3.280268
3.282175
3.284159
3.286155
3.288237
3.290170
3.292157
3.294159
3.296165
3.298156
3.300160
3.302154
3.304149
3.306181
3.308160
3.310167
3.312160
3.314167
3.316166
3.318161
3.320184
3.322159
3.324160
3.326163
3.328212
3.330198
3.332162
3.334177
3.336161
3.338161
3.340159
3.342161
3.344161
3.346194
3.348169
3.350166
3.352162
3.354184
3.356173
3.358215
3.360159
3.362167
3.364161
3.366166
3.368156
3.370202
3.372187
3.374174
3.376166
3.378167
3.380166
3.382170
3.384171
3.386183
3.388180
3.390161
3.392178
3.394160
3.396174
3.398166
3.400163
3.402156
3.404164
3.406158
3.408160
3.410160
3.412212
3.414190
3.416182
3.418192
3.420179
3.422164
3.424227
3.426159
3.428193
3.430159
3.432186
3.434185
3.436166
3.438161
3.440275
3.442169
3.444155
3.446169
3.448228
3.450205
3.452167
3.454174
3.456167
3.458169
3.460168
3.462164
3.464165
3.466158
3.468160
3.470161
3.472178
3.474164
3.476187
3.478165
3.480259
3.482167
3.484172
3.486156
3.488163
3.490167
3.492163
3.494158
3.496160
3.498157
3.500154
3.502163
3.504158
3.506159
3.508157
3.510161
3.512159
3.514168
3.516180
3.518192
3.520164
3.522165
3.524161
3.526169
3.528154
3.530167
3.532174
3.534155
3.536162
3.538183
3.540183
3.542166
3.544178
3.546187
3.548232
3.550162
3.552169
3.554155
3.556165
3.558154
3.560165
3.562157
3.564185
3.566164
3.568168
3.570159
3.572164
3.574163
3.576167
3.578156
3.580242
3.582158
3.584165
3.586163
3.588160
3.590161
3.592172
3.594154
3.596167
3.598160
3.600157
3.602162
3.604158
3.606159
3.608160
3.610160
3.612164
3.614164
3.616164
3.618154
3.620159
3.622176
3.624163
3.626163
3.628155
3.630160
3.632152
3.634162
3.636180
3.638160
3.640161
3.642156
3.644158
3.646181
3.648157
3.650157
3.652164
3.654155
3.656155
3.658153
3.660157
3.662154
3.664158
3.666185
3.668184
3.670159
3.672156
3.674159
3.676170
3.678174
3.680158
3.682159
3.684158
3.686156
3.688154
3.690160
3.692205
3.694163
3.696164
3.698154
3.700156
3.702158
3.704180
3.706164
3.708163
3.710163
3.712247
3.714156
3.716172
3.718155
3.720204
3.722158
3.724168
3.726159
3.728153
3.730165
3.732155
3.734156
3.736160
3.738161
3.740186
3.742167
3.744166
3.746183
3.748222
3.750165
3.752158
3.754155
3.756155
3.758159
3.760187
3.762159
3.764157
3.766176
3.768219
3.770158
3.772157
3.774183
3.776200
3.778162
3.780162
3.782179
3.784160
3.786161
3.788282
3.790178
3.792239
3.794159
3.796161
3.798165
3.800220
3.802160
3.804174
3.806172
3.808217
3.810160
3.812160
3.814162
3.816215
3.818161
3.820164
3.822152
3.824204
3.826165
3.828156
3.830159
3.832212
3.834158
3.836157
3.838157
3.840171
3.842162
3.844167
3.846164
3.848218
3.850162
3.852161
3.854161
3.856216
3.858159
3.860165
3.862158
3.864290
3.866164
3.868155
3.870196
3.872192
3.874168
3.876171
3.878153
3.880164
3.882155
3.884158
3.886178
3.888166
3.890155
3.892164
3.894152
3.896166
3.898166
3.900186
3.902171
3.904178
3.906177
3.908165
3.910178
3.912169
3.914297
3.916182
3.918211
3.920204
3.922160
3.924159
3.926160
3.928191
3.930156
3.932165
3.934165
3.936166
3.938180
3.940155
3.942154
3.944157
3.946175
3.948184
3.950176
3.952193
3.954190
3.956174
3.958169
3.960158
3.962181
3.964161
3.966162
3.968222
3.970160
3.972160
3.974161
3.976242
3.978168
3.980162
3.982162
3.984223
3.986174
3.988169
3.990160
3.992182
3.994168
3.996173
3.998176
4.000168
4.002159
4.004163
4.006153
4.008153
4.010153
4.012182
4.014197
4.016167
4.018157
4.020158
4.022158
4.024158
4.026159
4.028155
4.030160
4.032158
4.034158
4.036159
4.038154
4.040157
4.042199
4.044174
4.046170
4.048177
4.050156
4.052159
4.054161
4.056220
4.058155
4.060160
4.062172
4.064238
4.066159
4.068158
4.070158
4.072214
4.074161
4.076155
4.078166
4.080215
4.082163
4.084158
4.086160
4.088212
4.090152
4.092158
4.094156
4.096216
4.098155
4.100155
4.102161
4.104214
4.106158
4.108160
4.110156
4.112221
4.114159
4.116171
4.118155
4.120203
4.122176
4.124161
4.126305
4.128186
4.130166
4.132161
4.134155
4.136159
4.138153
4.140167
4.142158
4.144157
4.146223
4.148163
4.150156
4.152171
4.154155
4.156160
4.158199
4.160261
4.162153
4.164153
4.166190
4.168265
4.170151
4.172151
4.174169
4.176210
4.178151
4.180156
4.182156
4.184219
4.186155
4.188157
4.190155
4.192212
4.194159
4.196161
4.198154
4.200155
4.202153
4.204157
4.206164
4.208280
4.210172
4.212156
4.214174
4.216243
4.218160
4.220165
4.222171
4.224217
4.226201
4.228163
4.230162
4.232227
4.234175
4.236160
4.238159
4.240218
4.242160
4.244168
4.246172
4.248335
4.250189
4.252159
4.254157
4.256220
4.258187
4.260170
4.262151
4.264214
4.266177
4.268158
4.270155
4.272153
4.274155
4.276156
4.278165
4.280153
4.282188
4.284156
4.286165
4.288197
4.290160
4.292185
4.294160
4.296212
4.298156
4.300158
4.302155
4.304204
4.306162
4.308153
4.310165
4.312204
4.314239
4.316160
4.318150
4.320160
4.322196
4.324149
4.326153
4.328158
4.330154
4.332153
4.334158
4.336152
4.338152
4.340154
4.342158
4.344155
4.346154
4.348183
4.350152
4.352163
4.354154
4.356163
4.358155
4.360158
4.362155
4.364196
4.366157
4.368166
4.370152
4.372163
4.374156
4.376175
4.378156
4.380159
4.382153
4.384151
4.386180
4.388166
4.390156
4.392183
4.394166
4.396162
4.398183
4.400153
4.402183
4.404156
4.406155
4.408199
4.410166
4.412154
4.414153
4.416216
4.418161
4.420157
4.422159
4.424204
4.426153
4.428154
4.430153
4.432217
4.434152
4.436166
4.438158
4.440203
4.442155
4.444174
4.446162
4.448293
4.450169
4.452166
4.454154
4.456165
4.458159
4.460179
4.462167
4.464165
4.466166
4.468170
4.470154
4.472157
4.474156
4.476155
4.478155
4.480153
4.482158
4.484156
4.486199
4.488175
4.490155
4.492279
4.494180
4.496151
4.498153
4.500178
4.502202
4.504165
4.506161
4.508156
4.510156
4.512157
4.514185
4.516169
4.518158
4.520166
4.522157
4.524155
4.526159
4.528158
4.530152
4.532154
4.534153
4.536155
4.538155
4.540152
4.542175
4.544157
4.546156
4.548161
4.550163
4.552163
4.554157
4.556155
4.558180
4.560155
4.562155
4.564169
4.566155
4.568155
4.570151
4.572154
4.574152
4.576186
4.578166
4.580167
4.582176
4.584227
4.586152
4.588152
4.590148
4.592156
4.594150
4.596150
4.598205
4.600241
4.602159
4.604163
4.606162
4.608224
4.610160
4.612176
4.614154
4.616160
4.618156
4.620156
4.622158
4.624154
4.626231
4.628160
4.630163
4.632303
4.634158
4.636155
4.638159
4.640221
4.642157
4.644165
4.646180
4.648238
4.650162
4.652162
4.654165
4.656220
4.658161
4.660160
4.662162
4.664221
4.666235
4.668158
4.670158
4.672160
4.674161
4.676165
4.678161
4.680169
4.682163
4.684156
4.686167
4.688169
4.690156
4.692165
4.694162
4.696160
4.698160
4.700159
4.702178
4.704159
4.706174
4.708170
4.710175
4.712157
4.714160
4.716158
4.718157
4.720188
4.722159
4.724169
4.726180
4.728158
4.730154
4.732213
4.734152
4.736152
4.738152
4.740158
4.742151
4.744160
4.746154
4.748164
4.750259
4.752245
4.754163
4.756249
4.758179
4.760221
4.762159
4.764184
4.766155
4.768182
4.770155
4.772199
4.774173
4.776216
4.778160
4.780187
4.782163
4.784156
4.786185
4.788160
4.790158
4.792252
4.794186
4.796158
4.798156
4.800223
4.802161
4.804161
4.806160
4.808218
4.810163
4.812156
4.814160
4.816182
4.818155
4.820157
4.822150
4.824153
4.826154
4.828153
4.830153
4.832168
4.834164
4.836159
4.838218
4.840157
4.842164
4.844172
4.846169
4.848182
4.850158
4.852210
4.854189
4.856163
4.858182
4.860163
4.862179
4.864164
4.866189
4.868170
4.870157
4.872157
4.874152
4.876193
4.878152
4.880154
4.882151
4.884158
4.886161
4.888150
4.890155
4.892161
4.894158
4.896157
4.898159
4.900161
4.902168
4.904169
4.906150
4.908153
4.910174
4.912234
4.914159
4.916335
4.918172
4.920155
4.922156
4.924204
4.926160
4.928157
4.930158
4.932158
4.934181
4.936181
4.938162
4.940161
4.942159
4.944151
4.946161
4.948170
4.950155
4.952152
4.954157
4.956155
4.958152
4.960212
4.962156
4.964152
4.966167
4.968165
4.970156
4.972152
4.974155
4.976164
4.978154
4.980152
4.982158
4.984156
4.986164
4.988183
4.990171
4.992173
4.994172
4.996152
4.998148
5.000331
5.002157
5.004154
5.006153
5.008152
5.010207
5.012157
5.014195
5.016170
5.018176
5.020162
5.022154
5.024154
5.026160
5.028156
5.030162
5.032161
5.034154
5.036151
5.038157
5.040155
5.042188
5.044162
5.046154
5.048157
5.050154
5.052155
5.054151
5.056151
5.058152
5.060161
5.062150
5.064161
5.066165
5.068169
5.070158
5.072152
5.074153
5.076156
5.078174
5.080157
5.082260
5.084163
5.086163
5.088159
5.090155
5.092272
5.094187
5.096163
5.098153
5.100152
5.102197
5.104201
5.106160
5.108157
5.110157
5.112174
5.114156
5.116163
5.118180
5.120273
5.122154
5.124153
5.126170
5.128158
5.130159
5.132151
5.134157
5.136153
5.138156
5.140153
5.142163
5.144162
5.146160
5.148178
5.150158
5.152154
5.154157
5.156178
5.158157
5.160164
5.162170
5.164180
5.166194
5.168161
5.170150
5.172152
5.174154
5.176207
5.178160
5.180153
5.182163
5.184161
5.186195
5.188152
5.190152
5.192250
5.194155
5.196167
5.198157
5.200152
5.202153
5.204150
5.206167
5.208227
5.210159
5.212189
5.214153
5.216163
5.218192
5.220160
5.222154
5.224168
5.226195
5.228181
5.230163
5.232162
5.234164
5.236183
5.238158
5.240156
5.242156
5.244161
5.246159
5.248152
5.250240
5.252186
5.254155
5.256150
5.258152
5.260155
5.262150
5.264170
5.266184
5.268165
5.270158
5.272156
5.274160
5.276162
5.278158
5.280154
5.282290
5.284157
5.286153
5.288165
5.290167
5.292243
5.294176
5.296198
5.298176
5.300173
5.302166
5.304161
5.306161
5.308164
5.310162
5.312164
5.314170
5.316195
5.318157
5.320223
5.322158
5.324161
5.326162
5.328220
5.330154
5.332167
5.334164
5.336225
5.338174
5.340154
5.342152
5.344167
5.346159
5.348156
5.350157
5.352173
5.354166
5.356181
5.358157
5.360170
5.362154
5.364159
5.366161
5.368261
5.370163
5.372159
5.374197
5.376160
5.378154
5.380164
5.382268
5.384160
5.386166
5.388161
5.390162
5.392269
5.394218
5.396213
5.398165
5.400293
5.402157
5.404181
5.406157
5.408218
5.410187
5.412162
5.414166
5.416250
5.418165
5.420185
5.422160
5.424226
5.426158
5.428163
5.430155
5.432230
5.434160
5.436157
5.438160
5.440207
5.442160
5.444166
5.446161
5.448222
5.450162
5.452171
5.454173
5.456157
5.458155
5.460171
5.462165
5.464158
5.466166
5.468153
5.470160
5.472159
5.474163
5.476165
5.478162
5.480164
5.482174
5.484179
5.486172
5.488248
5.490164
5.492225
5.494256
5.496159
5.498185
5.500171
5.502151
5.504157
5.506184
5.508180
5.510165
5.512175
5.514164
5.516207
5.518158
5.520158
5.522159
5.524160
5.526158
5.528156
5.530158
5.532180
5.534159
5.536158
5.538153
5.540163
5.542155
5.544155
5.546164
5.548167
5.550155
5.552151
5.554158
5.556152
5.558152
5.560157
5.562152
5.564152
5.566153
5.568154
5.570156
5.572158
5.574156
5.576156
5.578156
5.580209
5.582289
5.584232
5.586171
5.588173
5.590173
5.592218
5.594157
5.596164
5.598160
5.600168
5.602157
5.604172
5.606161
5.608167
5.610166
5.612176
5.614158
5.616171
5.618163
5.620167
5.622158
5.624212
5.626190
5.628173
5.630180
5.632171
5.634161
5.636157
5.638154
5.640161
5.642155
5.644158
5.646161
5.648160
5.650158
5.652161
5.654165
5.656173
5.658168
5.660182
5.662171
5.664167
5.666203
5.668174
5.670157
5.672164
5.674161
5.676176
5.678167
5.680164
5.682158
5.684164
5.686165
5.688168
5.690157
5.692292
5.694165
5.696163
5.698160
5.700158
5.702158
5.704162
5.706155
5.708162
5.710162
5.712163
5.714180
5.716170
5.718170
5.720220
5.722171
5.724168
5.726177
5.728224
5.730171
5.732169
5.734165
5.736207
5.738173
5.740170
5.742177
5.744211
5.746182
5.748174
5.750182
5.752223
5.754164
5.756157
5.758169
5.760213
5.762160
5.764162
5.766156
5.768157
5.770181
5.772156
5.774162
5.776218
5.778162
5.780162
5.782166
5.784208
5.786160
5.788156
5.790151
5.792308
5.794180
5.796162
5.798163
5.800174
5.802163
5.804169
5.806179
5.808223
5.810154
5.812153
5.814173
5.816282
5.818153
5.820171
5.822156
5.824193
5.826178
5.828178
5.830159
5.832214
5.834177
5.836167
5.838216
5.840252
5.842164
5.844158
5.846194
5.848228
5.850162
5.852156
5.854159
5.856209
5.858158
5.860158
5.862153
5.864210
5.866159
5.868165
5.870171
5.872204
5.874163
5.876168
5.878180
5.880221
5.882166
5.884164
5.886159
5.888225
5.890161
5.892209
5.894217
5.896165
5.898227
5.900164
5.902167
5.904157
5.906155
5.908155
5.910168
5.912156
5.914179
5.916179
5.918174
5.920169
5.922169
5.924171
5.926175
5.928174
5.930157
5.932160
5.934171
5.936171
5.938159
5.940162
5.942158
5.944157
5.946164
5.948159
5.950159
5.952156
5.954158
5.956158
5.958215
5.960293
5.962166
5.964173
5.966185
5.968162
5.970164
5.972157
5.974155
5.976163
5.978156
5.980156
5.982158
5.984156
5.986158
5.988163
5.990155
5.992221
5.994163
5.996162
5.998179
6.000179
6.002152
6.004161
6.006181
6.008171
6.010168
6.012166
6.014182
6.016233
6.018173
6.020165
6.022164
6.024218
6.026166
6.028163
6.030162
6.032218
6.034162
6.036168
6.038166
6.040279
6.042166
6.044178
6.046171
6.048229
6.050163
6.052164
6.054162
6.056217
6.058160
6.060163
6.062212
6.064226
6.066161
6.068163
6.070161
6.072223
6.074162
6.076221
6.078163
6.080197
6.082159
6.084204
6.086171
6.088239
6.090161
6.092166
6.094165
6.096220
6.098165
6.100161
6.102158
6.104218
6.106162
6.108168
6.110162
6.112236
6.114185
6.116181
6.118168
6.120235
6.122161
6.124166
6.126199
6.128243
6.130158
6.132160
6.134155
6.136232
6.138155
6.140159
6.142157
6.144226
6.146159
6.148162
6.150157
6.152224
6.154155
6.156161
6.158156
6.160228
6.162156
6.164176
6.166181
6.168341
6.170163
6.172159
6.174155
6.176237
6.178155
6.180160
6.182158
6.184268
6.186171
6.188162
6.190155
6.192272
6.194200
6.196156
6.198159
6.200168
6.202157
6.204156
6.206155
6.208166
6.210243
6.212193
6.214171
6.216166
6.218170
6.220166
6.222184
6.224210
6.226181
6.228177
6.230162
6.232164
6.234173
6.236165
6.238162
6.240162
6.242245
6.244167
6.246159
6.248157
6.250211
6.252160
6.254166
6.256177
6.258169
6.260160
6.262164
6.264202
6.266171
6.268153
6.270173
6.272213
6.274173
6.276162
6.278188
6.280157
6.282159
6.284155
6.286154
6.288177
6.290166
6.292269
6.294168
6.296165
6.298167
6.300164
6.302168
6.304185
6.306158
6.308178
6.310161
6.312161
6.314158
6.316212
6.318172
6.320252
6.322173
6.324158
6.326177
6.328232
6.330184
6.332185
6.334205
6.336187
6.338156
6.340178
6.342180
6.344254
6.346165
6.348170
6.350158
6.352155
6.354186
6.356178
6.358174
6.360170
6.362159
6.364189
6.366167
6.368169
6.370152
6.372154
6.374155
6.376168
6.378182
6.380158
6.382179
6.384163
6.386168
6.388151
6.390155
6.392242
6.394164
6.396154
6.398160
6.400215
6.402154
6.404158
6.406202
6.408156
6.410157
6.412156
6.414163
6.416163
6.418177
6.420158
6.422157
6.424290
6.426156
6.428163
6.430158
6.432218
6.434159
6.436161
6.438156
6.440212
6.442160
6.444161
6.446159
6.448163
6.450189
6.452163
6.454157
6.456158
6.458163
6.460167
6.462156
6.464205
6.466158
6.468155
6.470157
6.472207
6.474157
6.476158
6.478158
6.480212
6.482156
6.484155
6.486169
6.488245
6.490158
6.492162
6.494158
6.496219
6.498164
6.500176
6.502179
6.504226
6.506166
6.508157
6.510162
6.512214
6.514186
6.516173
6.518165
6.520218
6.522156
6.524181
6.526170
6.528168
6.530166
6.532169
6.534172
6.536166
6.538169
6.540167
6.542183
6.544169
6.546162
6.548180
6.550162
6.552183
6.554182
6.556156
6.558156
6.560157
6.562154
6.564158
6.566153
6.568153
6.570154
6.572154
6.574154
6.576153
6.578270
6.580175
6.582160
6.584255
6.586159
6.588159
6.590160
6.592235
6.594172
6.596173
6.598166
6.600171
6.602181
6.604163
6.606157
6.608176
6.610156
6.612170
6.614161
6.616295
6.618161
6.620246
6.622191
6.624169
6.626184
6.628164
6.630156
6.632167
6.634156
6.636161
6.638158
6.640164
6.642169
6.644165
6.646161
6.648162
6.650156
6.652158
6.654161
6.656158
6.658163
6.660172
6.662165
6.664162
6.666188
6.668183
6.670168
6.672183
6.674159
6.676162
6.678171
6.680318
6.682172
6.684188
6.686174
6.688165
6.690167
6.692180
6.694161
6.696154
6.698170
6.700191
6.702186
6.704184
6.706181
6.708191
6.710198
6.712246
6.714155
6.716169
6.718155
6.720204
6.722158
6.724169
6.726155
6.728227
6.730155
6.732164
6.734160
6.736223
6.738167
6.740172
6.742166
6.744230
6.746163
6.748184
6.750214
6.752262
6.754158
6.756164
6.758157
6.760244
6.762155
6.764170
6.766240
6.768175
6.770186
6.772180
6.774173
6.776232
6.778167
6.780157
6.782158
6.784172
6.786161
6.788165
6.790161
6.792176
6.794163
6.796162
6.798170
6.800176
6.802166
6.804163
6.806166
6.808245
6.810158
6.812191
6.814164
6.816167
6.818169
6.820169
6.822161
6.824156
6.826157
6.828155
6.830154
6.832155
6.834233
6.836190
6.838171
6.840248
6.842156
6.844175
6.846163
6.848191
6.850181
6.852192
6.854158
6.856159
6.858155
6.860166
6.862156
6.864167
6.866155
6.868159
6.870166
6.872239
6.874166
6.876186
6.878171
6.880243
6.882161
6.884162
6.886159
6.888212
6.890162
6.892163
6.894162
6.896211
6.898159
6.900167
6.902176
6.904211
6.906157
6.908158
6.910164
6.912308
6.914157
6.916160
6.918193
6.920249
6.922164
6.924187
6.926183
6.928172
6.930177
6.932168
6.934157
6.936297
6.938159
6.940195
6.942158
6.944291
6.946195
6.948221
6.950189
6.952166
6.954158
6.956163
6.958162
6.960170
6.962160
6.964168
6.966176
6.968174
6.970162
6.972165
6.974163
6.976164
6.978174
6.980196
6.982182
6.984201
6.986172
6.988172
6.990158
6.992175
6.994161
6.996160
6.998157
7.000172
7.002156
7.004178
7.006157
7.008161
7.010162
7.012162
7.014163
7.016161
7.018164
7.020182
7.022170
7.024163
7.026154
7.028159
7.030165
7.032171
7.034152
7.036159
7.038155
7.040159
7.042149
7.044170
7.046173
7.048187
7.050189
7.052190
7.054185
7.056155
7.058161
7.060157
7.062158
7.064164
7.066171
7.068186
7.070159
7.072153
7.074161
7.076165
7.078183
7.080158
7.082165
7.084185
7.086160
7.088153
7.090160
7.092164
7.094192
7.096165
7.098159
7.100160
7.102155
7.104159
7.106152
7.108168
7.110153
7.112168
7.114151
7.116158
7.118158
7.120173
7.122160
7.124157
7.126163
7.128165
7.130157
7.132161
7.134160
7.136167
7.138156
7.140164
7.142159
7.144162
7.146161
7.148161
7.150169
7.152221
7.154162
7.156188
7.158185
7.160207
7.162160
7.164187
7.166209
7.168161
7.170171
7.172169
7.174176
7.176173
7.178183
7.180171
7.182172
7.184168
7.186172
7.188156
7.190157
7.192268
7.194161
7.196160
7.198156
7.200158
7.202158
7.204159
7.206157
7.208159
7.210158
7.212203
7.214247
7.216242
7.218190
7.220166
7.222162
7.224176
7.226224
7.228188
7.230291
7.232209
7.234165
7.236176
7.238166
7.240164
7.242155
7.244169
7.246160
7.248160
7.250159
7.252177
7.254158
7.256163
7.258158
7.260181
7.262158
7.264171
7.266155
7.268166
7.270165
7.272169
7.274160
7.276175
7.278168
7.280162
7.282169
7.284159
7.286166
7.288165
7.290163
7.292167
7.294158
7.296155
7.298162
7.300157
7.302158
7.304153
7.306157
7.308159
7.310158
7.312157
7.314159
7.316159
7.318161
7.320192
7.322160
7.324165
7.326162
7.328164
7.330164
7.332188
7.334162
7.336155
7.338150
7.340164
7.342159
7.344174
7.346190
7.348167
7.350168
7.352188
7.354179
7.356160
7.358162
7.360180
7.362164
7.364163
7.366172
7.368241
7.370166
7.372164
7.374158
7.376220
7.378166
7.380159
7.382161
7.384223
7.386157
7.388165
7.390156
7.392215
7.394156
7.396159
7.398160
7.400209
7.402167
7.404166
7.406156
7.408212
7.410158
7.412159
7.414171
7.416233
7.418172
7.420161
7.422160
7.424196
7.426194
7.428193
7.430191
7.432195
7.434192
7.436184
7.438168
7.440165
7.442152
7.444164
7.446159
7.448169
7.450160
7.452171
7.454158
7.456160
7.458156
7.460170
7.462159
7.464233
7.466158
7.468161
7.470154
7.472216
7.474157
7.476164
7.478165
7.480200
7.482210
7.484225
7.486204
7.488198
7.490198
7.492200
7.494196
7.496195
7.498174
7.500186
7.502189
7.504249
7.506172
7.508168
7.510160
7.512238
7.514157
7.516174
7.518159
7.520233
7.522162
7.524164
7.526163
7.528227
7.530164
7.532177
7.534184
7.536161
7.538159
7.540157
7.542159
7.544208
7.546183
7.548177
7.550160
7.552185
7.554164
7.556172
7.558160
7.560176
7.562162
7.564175
7.566168
7.568200
7.570166
7.572199
7.574166
7.576189
7.578157
7.580235
7.582195
7.584198
7.586185
7.588178
7.590164
7.592159
7.594166
7.596163
7.598166
7.600159
7.602164
7.604172
7.606266
7.608261
7.610300
7.612188
7.614171
7.616174
7.618160
7.620196
7.622162
7.624242
7.626166
7.628162
7.630162
7.632239
7.634158
7.636160
7.638164
7.640227
7.642156
7.644162
7.646159
7.648173
7.650163
7.652170
7.654157
7.656183
7.658158
7.660169
7.662155
7.664156
7.666188
7.668168
7.670156
7.672153
7.674155
7.676246
7.678172
7.680160
7.682213
7.684171
7.686154
7.688156
7.690155
7.692196
7.694182
7.696253
7.698161
7.700201
7.702208
7.704228
7.706177
7.708198
7.710193
7.712159
7.714161
7.716160
7.718158
7.720159
7.722157
7.724156
7.726156
7.728155
7.730163
7.732163
7.734164
7.736171
7.738157
7.740170
7.742175
7.744163
7.746162
7.748156
7.750202
7.752165
7.754170
7.756160
7.758159
7.760160
7.762155
7.764159
7.766158
7.768164
7.770158
7.772161
7.774157
7.776162
7.778166
7.780157
7.782157
7.784165
7.786165
7.788159
7.790160
7.792220
7.794165
7.796181
7.798162
7.800161
7.802158
7.804167
7.806167
7.808161
7.810157
7.812163
7.814161
7.816163
7.818161
7.820160
7.822158
7.824164
7.826158
7.828173
7.830158
7.832162
7.834178
7.836166
7.838156
7.840176
7.842154
7.844154
7.846199
7.848229
7.850187
7.852164
7.854157
7.856180
7.858158
7.860157
7.862156
7.864201
7.866158
7.868174
7.870166
7.872153
7.874207
7.876221
7.878167
7.880164
7.882167
7.884172
7.886162
7.888170
7.890158
7.892156
7.894162
7.896169
7.898155
7.900194
7.902156
7.904160
7.906158
7.908157
7.910156
7.912160
7.914158
7.916168
7.918170
7.920214
7.922157
7.924156
7.926157
7.928217
7.930154
7.932158
7.934164
7.936218
7.938156
7.940155
7.942154
7.944206
7.946201
7.948175
7.950163
7.952169
7.954165
7.956162
7.958160
7.960318
7.962162
7.964166
7.966179
7.968198
7.970160
7.972164
7.974157
7.976158
7.978181
7.980168
7.982161
7.984220
7.986158
7.988157
7.990155
7.992333
7.994157
7.996180
7.998203
8.000177
8.002156
8.004173
8.006184
8.008155
8.010154
8.012153
8.014159
8.016164
8.018164
8.020166
8.022163
8.024164
8.026165
8.028166
8.030158
8.032210
8.034159
8.036152
8.038152
8.040200
8.042155
8.044162
8.046176
8.048200
8.050166
8.052161
8.054156
8.056201
8.058154
8.060157
8.062165
8.064210
8.066156
8.068232
8.070185
8.072174
8.074158
8.076166
8.078154
8.080175
8.082158
8.084168
8.086163
8.088180
8.090165
8.092158
8.094156
8.096290
8.098158
8.100154
8.102155
8.104169
8.106156
8.108171
8.110161
8.112167
8.114162
8.116194
8.118158
8.120200
8.122197
8.124239
8.126194
8.128168
8.130156
8.132206
8.134158
8.136156
8.138184
8.140157
8.142157
8.144172
8.146164
8.148158
8.150164
8.152170
8.154160
8.156163
8.158172
8.160170
8.162156
8.164154
8.166160
8.168172
8.170153
8.172158
8.174161
8.176228
8.178180
8.180180
8.182157
8.184165
8.186181
8.188156
8.190157
8.192225
8.194167
8.196161
8.198160
8.200215
8.202167
8.204157
8.206165
8.208215
8.210191
8.212168
8.214158
8.216174
8.218223
8.220157
8.222161
8.224156
8.226164
8.228306
8.230158
8.232178
8.234157
8.236156
8.238157
8.240155
8.242208
8.244167
8.246190
8.248176
8.250180
8.252200
8.254178
8.256207
8.258164
8.260158
8.262155
8.264199
8.266218
8.268174
8.270168
8.272185
8.274159
8.276168
8.278162
8.280207
8.282203
8.284197
8.286200
8.288171
8.290162
8.292173
8.294163
8.296169
8.298161
8.300161
8.302160
8.304159
8.306159
8.308162
8.310160
8.312165
8.314159
8.316157
8.318154
8.320177
8.322162
8.324160
8.326157
8.328165
8.330160
8.332183
8.334163
8.336164
8.338160
8.340158
8.342154
8.344158
8.346168
8.348157
8.350155
8.352160
8.354160
8.356160
8.358163
8.360162
8.362158
8.364166
8.366164
8.368155
8.370162
8.372153
8.374157
8.376173
8.378158
8.380155
8.382165
8.384175
8.386177
8.388162
8.390161
8.392166
8.394164
8.396164
8.398165
8.400159
8.402161
8.404159
8.406156
8.408154
8.410154
8.412159
8.414160
8.416255
8.418170
8.420181
8.422161
8.424164
8.426166
8.428169
8.430187
8.432158
8.434164
8.436157
8.438163
8.440157
8.442160
8.444156
8.446167
8.448227
8.450170
8.452215
8.454199
8.456195
8.458196
8.460165
8.462162
8.464304
8.466192
8.468164
8.470158
8.472159
8.474182
8.476155
8.478172
8.480226
8.482162
8.484160
8.486158
8.488247
8.490158
8.492191
8.494164
8.496241
8.498198
8.500189
8.502168
8.504164
8.506162
8.508166
8.510160
8.512163
8.514174
8.516195
8.518158
8.520166
8.522163
8.524179
8.526196
8.528200
8.530159
8.532161
8.534165
8.536172
8.538161
8.540162
8.542156
8.544187
8.546156
8.548161
8.550157
8.552171
8.554156
8.556171
8.558195
8.560181
8.562164
8.564178
8.566173
8.568188
8.570163
8.572202
8.574195
8.576237
8.578220
8.580224
8.582210
8.584234
8.586216
8.588266
8.590251
8.592172
8.594223
8.596208
8.598188
8.600170
8.602158
8.604163
8.606155
8.608159
8.610167
8.612160
8.614180
8.616156
8.618159
8.620216
8.622176
8.624157
8.626197
8.628196
8.630159
8.632165
8.634158
8.636162
8.638156
8.640175
8.642201
8.644187
8.646192
8.648284
8.650164
8.652158
8.654156
8.656222
8.658209
8.660191
8.662239
8.664158
8.666166
8.668200
8.670193
8.672191
8.674168
8.676159
8.678168
8.680163
8.682162
8.684155
8.686178
8.688157
8.690154
8.692157
8.694157
8.696156
8.698158
8.700158
8.702163
8.704157
8.706160
8.708169
8.710178
8.712154
8.714298
8.716157
8.718183
8.720159
8.722154
8.724154
8.726157
8.728153
8.730157
8.732229
8.734171
8.736226
8.738161
8.740156
8.742159
8.744223
8.746173
8.748199
8.750298
8.752158
8.754158
8.756158
8.758161
8.760219
8.762157
8.764166
8.766156
8.768199
8.770159
8.772173
8.774169
8.776219
8.778158
8.780166
8.782154
8.784225
8.786167
8.788206
8.790195
8.792210
8.794156
8.796169
8.798156
8.800202
8.802162
8.804160
8.806165
8.808175
8.810162
8.812161
8.814160
8.816158
8.818159
8.820168
8.822153
8.824157
8.826156
8.828159
8.830159
8.832220
8.834199
8.836213
8.838174
8.840168
8.842159
8.844161
8.846181
8.848222
8.850168
8.852158
8.854165
8.856288
8.858180
8.860160
8.862162
8.864220
8.866158
8.868168
8.870156
8.872160
8.874156
8.876208
8.878192
8.880252
8.882168
8.884158
8.886164
8.888223
8.890159
8.892157
8.894161
8.896205
8.898159
8.900167
8.902171
8.904164
8.906155
8.908161
8.910155
8.912163
8.914158
8.916186
8.918190
8.920253
8.922160
8.924161
8.926162
8.928171
8.930168
8.932172
8.934166
8.936171
8.938162
8.940166
8.942165
8.944168
8.946175
8.948164
8.950179
8.952171
8.954160
8.956166
8.958204
8.960247
8.962164
8.964172
8.966165
8.968307
8.970158
8.972153
8.974151
8.976152
8.978151
8.980155
8.982156
8.984210
8.986215
8.988166
8.990158
8.992217
8.994156
8.996157
8.998155
9.000160
9.002155
9.004152
9.006152
9.008152
9.010152
9.012153
9.014216
9.016171
9.018182
9.020159
9.022168
9.024158
9.026165
9.028186
9.030169
9.032229
9.034161
9.036164
9.038161
9.040216
9.042158
9.044181
9.046155
9.048231
9.050158
9.052156
9.054159
9.056222
9.058159
9.060157
9.062163
9.064211
9.066164
9.068162
9.070163
9.072161
9.074157
9.076165
9.078156
9.080167
9.082185
9.084175
9.086154
9.088160
9.090158
9.092167
9.094168
9.096174
9.098163
9.100167
9.102157
9.104156
9.106152
9.108155
9.110154
9.112195
9.114159
9.116155
9.118157
9.120163
9.122155
9.124151
9.126168
9.128153
9.130158
9.132155
9.134158
9.136155
9.138161
9.140151
9.142160
9.144153
9.146187
9.148179
9.150181
9.152161
9.154159
9.156158
9.158173
9.160167
9.162193
9.164158
9.166165
9.168286
9.170180
9.172181
9.174158
9.176165
9.178154
9.180163
9.182153
9.184166
9.186201
9.188187
9.190160
9.192197
9.194168
9.196166
9.198178
9.200215
9.202158
9.204159
9.206154
9.208158
9.210181
9.212167
9.214170
9.216161
9.218159
9.220161
9.222163
9.224169
9.226176
9.228200
9.230178
9.232172
9.234158
9.236161
9.238157
9.240159
9.242165
9.244157
9.246174
9.248222
9.250243
9.252158
9.254159
9.256152
9.258184
9.260156
9.262154
9.264161
9.266166
9.268179
9.270157
9.272154
9.274155
9.276204
9.278160
9.280160
9.282159
9.284195
9.286166
9.288181
9.290176
9.292186
9.294184
9.296161
9.298189
9.300165
9.302155
9.304214
9.306160
9.308183
9.310158
9.312160
9.314158
9.316160
9.318194
9.320172
9.322161
9.324155
9.326161
9.328164
9.330158
9.332161
9.334163
9.336165
9.338158
9.340161
9.342158
9.344165
9.346163
9.348159
9.350158
9.352172
9.354199
9.356161
9.358166
9.360159
9.362158
9.364159
9.366162
9.368165
9.370159
9.372161
9.374158
9.376288
9.378159
9.380156
9.382157
9.384158
9.386165
9.388153
9.390160
9.392207
9.394163
9.396159
9.398193
9.400162
9.402167
9.404155
9.406168
9.408163
9.410192
9.412162
9.414190
9.416226
9.418212
9.420165
9.422183
9.424168
9.426162
9.428173
9.430161
9.432158
9.434159
9.436169
9.438156
9.440153
9.442153
9.444165
9.446178
9.448164
9.450168
9.452164
9.454209
9.456181
9.458162
9.460178
9.462161
9.464163
9.466165
9.468161
9.470158
9.472164
9.474159
9.476158
9.478176
9.480165
9.482168
9.484169
9.486172
9.488162
9.490187
9.492165
9.494161
9.496296
9.498159
9.500193
9.502173
9.504235
9.506155
9.508158
9.510162
9.512210
9.514158
9.516160
9.518155
9.520228
9.522163
9.524156
9.526158
9.528201
9.530159
9.532162
9.534159
9.536163
9.538159
9.540163
9.542157
9.544165
9.546168
9.548173
9.550162
9.552159
9.554165
9.556186
9.558172
9.560158
9.562168
9.564262
9.566210
9.568165
9.570163
9.572157
9.574159
9.576220
9.578161
9.580170
9.582162
9.584228
9.586216
9.588160
9.590157
9.592162
9.594154
9.596154
9.598205
9.600185
9.602158
9.604170
9.606162
9.608201
9.610192
9.612170
9.614165
9.616222
9.618156
9.620162
9.622159
9.624231
9.626160
9.628161
9.630156
9.632226
9.634156
9.636158
9.638160
9.640212
9.642159
9.644163
9.646161
9.648225
9.650161
9.652161
9.654163
9.656221
9.658173
9.660162
9.662166
9.664160
9.666159
9.668165
9.670173
9.672180
9.674163
9.676166
9.678158
9.680203
9.682160
9.684154
9.686168
9.688225
9.690170
9.692176
9.694171
9.696268
9.698162
9.700166
9.702159
9.704165
9.706161
9.708172
9.710178
9.712189
9.714195
9.716198
9.718159
9.720229
9.722157
9.724167
9.726156
9.728240
9.730164
9.732208
9.734159
9.736211
9.738160
9.740188
9.742171
9.744164
9.746179
9.748164
9.750181
9.752327
9.754155
9.756164
9.758180
9.760158
9.762162
9.764160
9.766165
9.768157
9.770160
9.772174
9.774158
9.776157
9.778163
9.780164
9.782161
9.784159
9.786160
9.788163
9.790158
9.792207
9.794215
9.796180
9.798187
9.800158
9.802161
9.804175
9.806168
9.808167
9.810158
9.812173
9.814173
9.816164
9.818241
9.820171
9.822157
9.824154
9.826228
9.828171
9.830160
9.832259
9.834165
9.836164
9.838159
9.840162
9.842160
9.844157
9.846158
9.848160
9.850163
9.852161
9.854160
9.856164
9.858168
9.860155
9.862158
9.864210
9.866157
9.868166
9.870168
9.872153
9.874161
9.876337
9.878176
9.880309
9.882163
9.884164
9.886166
9.888162
9.890156
9.892159
9.894157
9.896159
9.898160
9.900156
9.902160
9.904157
9.906152
9.908154
9.910158
9.912167
9.914163
9.916159
9.918177
9.920163
9.922176
9.924159
9.926156
9.928160
9.930157
9.932168
9.934166
9.936161
9.938156
9.940161
9.942156
9.944161
9.946156
9.948181
9.950154
9.952163
9.954155
9.956161
9.958173
9.960179
9.962190
9.964182
9.966158
9.968155
9.970193
9.972162
9.974157
9.976161
9.978170
9.980195
9.982169
9.984159
9.986176
9.988209
9.990160
9.992224
9.994164
9.996159
9.998175
10.000241
10.002188
10.004177
10.006175
10.008169
10.010167
10.012161
10.014160
10.016158
10.018154
10.020168
10.022157
10.024156
10.026156
10.028154
10.030155
10.032154
10.034154
10.036152
10.038154
10.040151
10.042300
10.044221
10.046156
10.048177
10.050158
10.052169
10.054159
10.056163
10.058168
10.060182
10.062175
10.064198
10.066157
10.068191
10.070154
10.072212
10.074157
10.076167
10.078155
10.080159
10.082176
10.084190
10.086162
10.088175
10.090164
10.092162
10.094172
10.096169
10.098160
10.100160
10.102190
10.104161
10.106160
10.108158
10.110167
10.112162
10.114184
10.116157
10.118176
10.120156
10.122163
10.124164
10.126211
10.128169
10.130167
10.132162
10.134195
10.136169
10.138163
10.140163
10.142162
10.144192
10.146185
10.148165
10.150162
10.152164
10.154159
10.156237
10.158190
10.160160
10.162165
10.164228
10.166181
10.168242
10.170158
10.172155
10.174156
10.176154
10.178170
10.180167
10.182155
10.184152
10.186160
10.188156
10.190170
10.192172
10.194166
10.196164
10.198168
10.200155
10.202168
10.204153
10.206162
10.208159
10.210160
10.212160
10.214161
10.216161
10.218180
10.220165
10.222159
10.224162
10.226181
10.228157
10.230161
10.232154
10.234158
10.236158
10.238153
10.240160
10.242181
10.244157
10.246161
10.248154
10.250248
10.252190
10.254185
10.256179
10.258165
10.260161
10.262163
10.264198
10.266169
10.268168
10.270158
10.272158
10.274163
10.276168
10.278161
10.280166
10.282164
10.284176
10.286161
10.288159
10.290187
10.292191
10.294154
10.296161
10.298166
10.300166
10.302155
10.304171
10.306154
10.308164
10.310153
10.312175
10.314171
10.316165
10.318163
10.320203
10.322171
10.324158
10.326159
10.328159
10.330158
10.332180
10.334174
10.336161
10.338158
10.340159
10.342158
10.344156
10.346158
10.348164
10.350163
10.352162
10.354159
10.356163
10.358162
10.360161
10.362157
10.364165
10.366158
10.368161
10.370163
10.372176
10.374159
10.376177
10.378183
10.380164
10.382163
10.384171
10.386166
10.388179
10.390160
10.392170
10.394159
10.396176
10.398158
10.400159
10.402159
10.404162
10.406166
10.408162
10.410160
10.412171
10.414158
10.416236
10.418161
10.420157
10.422166
10.424157
10.426156
10.428159
10.430161
10.432158
10.434164
10.436164
10.438164
10.440160
10.442155
10.444163
10.446157
10.448172
10.450171
10.452160
10.454159
10.456292
10.458164
10.460208
10.462158
10.464161
10.466159
10.468159
10.470158
10.472158
10.474158
10.476160
10.478156
10.480159
10.482165
10.484161
10.486161
10.488162
10.490160
10.492164
10.494173
10.496157
10.498165
10.500166
10.502167
10.504159
10.506166
10.508184
10.510159
10.512171
10.514165
10.516170
10.518157
10.520170
10.522155
10.524192
10.526171
10.528165
10.530158
10.532171
10.534159
10.536166
10.538169
10.540157
10.542183
10.544173
10.546158
10.548168
10.550159
10.552164
10.554157
10.556156
10.558156
10.560154
10.562160
10.564183
10.566158
10.568159
10.570162
10.572159
10.574155
10.576160
10.578166
10.580172
10.582184
10.584210
10.586174
10.588164
10.590158
10.592168
10.594161
10.596161
10.598164
10.600160
10.602165
10.604166
10.606165
10.608165
10.610181
10.612212
10.614186
10.616155
10.618161
10.620163
10.622159
10.624164
10.626158
10.628159
10.630169
10.632230
10.634180
10.636198
10.638183
10.640168
10.642172
10.644176
10.646163
10.648164
10.650166
10.652158
10.654163
10.656163
10.658159
10.660159
10.662163
10.664188
10.666160
10.668155
10.670156
10.672154
10.674154
10.676182
10.678172
10.680199
10.682161
10.684158
10.686158
10.688167
10.690156
10.692164
10.694162
10.696158
10.698158
10.700161
10.702158
10.704164
10.706172
10.708169
10.710163
10.712164
10.714157
10.716160
10.718155
10.720172
10.722161
10.724166
10.726159
10.728157
10.730175
10.732161
10.734160
10.736161
10.738157
10.740154
10.742154
10.744203
10.746163
10.748159
10.750161
10.752158
10.754159
10.756161
10.758157
10.760209
10.762158
10.764173
10.766155
10.768153
10.770158
10.772164
10.774164
10.776273
10.778160
10.780170
10.782162
10.784155
10.786157
10.788175
10.790157
10.792217
10.794170
10.796164
10.798208
10.800159
10.802172
10.804179
10.806185
10.808169
10.810159
10.812170
10.814182
10.816170
10.818162
10.820185
10.822153
10.824158
10.826161
10.828165
10.830170
10.832198
10.834176
10.836180
10.838168
10.840174
10.842161
10.844180
10.846158
10.848163
10.850180
10.852160
10.854163
10.856180
10.858156
10.860166
10.862163
10.864157
10.866170
10.868157
10.870161
10.872231
10.874185
10.876170
10.878162
10.880160
10.882161
10.884155
10.886174
10.888160
10.890161
10.892164
10.894162
10.896164
10.898166
10.900172
10.902171
10.904269
10.906166
10.908162
10.910180
10.912162
10.914160
10.916185
10.918163
10.920167
10.922163
10.924169
10.926163
10.928167
10.930164
10.932163
10.934178
10.936159
10.938156
10.940179
10.942155
10.944163
10.946179
10.948170
10.950161
10.952181
10.954162
10.956163
10.958181
10.960164
10.962159
10.964189
10.966170
10.968161
10.970180
10.972165
10.974157
10.976182
10.978156
10.980189
10.982159
10.984180
10.986162
10.988193
10.990222
10.992163
10.994161
10.996202
10.998162
11.000321
11.002157
11.004162
11.006180
11.008153
11.010156
11.012180
11.014187
11.016159
11.018160
11.020173
11.022161
11.024160
11.026160
11.028161
11.030173
11.032169
11.034162
11.036208
11.038175
11.040161
11.042159
11.044178
11.046162
11.048160
11.050159
11.052161
11.054203
11.056160
11.058156
11.060156
11.062169
11.064215
11.066158
11.068157
11.070160
11.072162
11.074153
11.076153
11.078156
11.080162
11.082164
11.084156
11.086157
11.088153
11.090153
11.092160
11.094163
11.096175
11.098163
11.100157
11.102159
11.104185
11.106160
11.108161
11.110157
11.112236
11.114191
11.116156
11.118166
11.120230
11.122198
11.124193
11.126173
11.128154
11.130187
11.132161
11.134162
11.136162
11.138162
11.140159
11.142161
11.144159
11.146165
11.148160
11.150166
11.152162
11.154161
11.156157
11.158180
11.160172
11.162191
11.164163
11.166170
11.168152
11.170154
11.172160
11.174152
11.176198
11.178152
11.180159
11.182156
11.184153
11.186201
11.188155
11.190152
11.192194
11.194161
11.196163
11.198156
11.200161
11.202166
11.204164
11.206186
11.208155
11.210154
11.212154
11.214161
11.216156
11.218156
11.220160
11.222166
11.224163
11.226155
11.228211
11.230177
11.232159
11.234170
11.236158
11.238156
11.240166
11.242152
11.244158
11.246241
11.248170
11.250162
11.252160
11.254185
11.256229
11.258162
11.260158
11.262163
11.264164
11.266158
11.268157
11.270157
11.272205
11.274155
11.276159
11.278165
11.280156
11.282156
11.284159
11.286157
11.288290
11.290166
11.292182
11.294155
11.296156
11.298158
11.300153
11.302169
11.304161
11.306158
11.308158
11.310162
11.312171
11.314158
11.316159
11.318166
11.320210
11.322157
11.324158
11.326158
11.328163
11.330157
11.332164
11.334175
11.336158
11.338191
11.340158
11.342160
11.344156
11.346160
11.348162
11.350158
11.352222
11.354167
11.356161
11.358284
11.360187
11.362159
11.364160
11.366184
11.368163
11.370163
11.372220
11.374168
11.376163
11.378184
11.380161
11.382159
11.384171
11.386167
11.388159
11.390251
11.392156
11.394195
11.396157
11.398159
11.400155
11.402166
11.404155
11.406154
11.408159
11.410157
11.412181
11.414181
11.416180
11.418192
11.420164
11.422160
11.424161
11.426159
11.428156
11.430157
11.432163
11.434157
11.436155
11.438160
11.440160
11.442156
11.444164
11.446159
11.448179
11.450218
11.452161
11.454183
11.456180
11.458181
11.460163
11.462157
11.464200
11.466159
11.468177
11.470158
11.472155
11.474160
11.476158
11.478157
11.480215
11.482189
11.484160
11.486160
11.488160
11.490161
11.492157
11.494159
11.496163
11.498166
11.500171
11.502168
11.504162
11.506163
11.508166
11.510156
11.512160
11.514161
11.516161
11.518161
11.520164
11.522157
11.524159
11.526160
11.528159
11.530158
11.532159
11.534160
11.536155
11.538160
11.540158
11.542167
11.544263
11.546166
11.548187
11.550164
11.552155
11.554157
11.556155
11.558161
11.560201
11.562156
11.564157
11.566161
11.568157
11.570159
11.572157
11.574156
11.576200
11.578156
11.580258
11.582162
11.584161
11.586175
11.588161
11.590158
11.592169
11.594157
11.596157
11.598273
11.600156
11.602203
11.604156
11.606181
11.608200
11.610167
11.612162
11.614192
11.616220
11.618160
11.620180
11.622166
11.624183
11.626167
11.628162
11.630159
11.632159
11.634158
11.636156
11.638156
11.640156
11.642158
11.644169
11.646155
11.648156
11.650160
11.652161
11.654157
11.656151
11.658156
11.660156
11.662169
11.664175
11.666162
11.668156
11.670175
11.672265
11.674165
11.676165
11.678158
11.680155
11.682158
11.684157
11.686176
11.688200
11.690157
11.692164
11.694156
11.696160
11.698194
11.700160
11.702157
11.704253
11.706157
11.708168
11.710173
11.712154
11.714155
11.716191
11.718159
11.720223
11.722157
11.724157
11.726159
11.728157
11.730155
11.732159
11.734176
11.736159
11.738171
11.740255
11.742159
11.744179
11.746195
11.748174
11.750163
11.752211
11.754158
11.756160
11.758172
11.760161
11.762161
11.764157
11.766158
11.768198
11.770158
11.772153
11.774155
11.776159
11.778154
11.780159
11.782157
11.784199
11.786154
11.788160
11.790159
11.792186
11.794154
11.796157
11.798176
11.800300
11.802155
11.804163
11.806166
11.808155
11.810155
11.812160
11.814158
11.816201
11.818154
11.820165
11.822156
11.824157
11.826157
11.828187
11.830161
11.832205
11.834157
11.836159
11.838161
11.840157
11.842155
11.844157
11.846185
11.848170
11.850160
11.852154
11.854164
11.856158
11.858179
11.860158
11.862157
11.864155
11.866168
11.868179
11.870189
11.872160
11.874160
11.876161
11.878161
11.880160
11.882157
11.884159
11.886156
11.888157
11.890157
11.892182
11.894158
11.896253
11.898161
11.900157
11.902166
11.904184
11.906159
11.908159
11.910153
11.912166
11.914208
11.916191
11.918174
11.920235
11.922161
11.924183
11.926160
11.928180
11.930159
11.932177
11.934171
11.936160
11.938166
11.940161
11.942162
11.944195
11.946156
11.948157
11.950181
11.952158
11.954163
11.956161
11.958184
11.960184
11.962155
11.964162
11.966176
11.968155
11.970158
11.972157
11.974156
11.976168
11.978159
11.980157
11.982162
11.984158
11.986154
11.988159
11.990152
11.992155
11.994153
11.996214
11.998172
12.000160
12.002155
12.004153
12.006160
12.008155
12.010157
12.012160
12.014158
12.016160
12.018157
12.020170
12.022155
12.024166
12.026160
12.028159
12.030160
12.032163
12.034158
12.036153
12.038159
12.040164
12.042157
12.044155
12.046154
12.048159
12.050162
12.052157
12.054164
12.056192
12.058199
12.060158
12.062168
12.064169
12.066158
12.068158
12.070156
12.072198
12.074155
12.076161
12.078156
12.080161
12.082158
12.084155
12.086153
12.088200
12.090153
12.092158
12.094155
12.096155
12.098153
12.100157
12.102167
12.104155
12.106154
12.108155
12.110158
12.112168
12.114155
12.116165
12.118181
12.120224
12.122174
12.124173
12.126190
12.128199
12.130159
12.132192
12.134162
12.136222
12.138160
12.140154
12.142151
12.144157
12.146157
12.148156
12.150155
12.152154
12.154156
12.156152
12.158167
12.160160
12.162277
12.164182
12.166161
12.168172
12.170165
12.172161
12.174161
12.176155
12.178163
12.180166
12.182164
12.184178
12.186166
12.188166
12.190174
12.192177
12.194185
12.196164
12.198185
12.200175
12.202187
12.204169
12.206165
12.208167
12.210160
12.212164
12.214171
12.216169
12.218181
12.220176
12.222165
12.224175
12.226170
12.228176
12.230191
12.232190
12.234156
12.236164
12.238153
12.240162
12.242156
12.244167
12.246172
12.248245
12.250159
12.252166
12.254166
12.256170
12.258155
12.260157
12.262156
12.264211
12.266154
12.268173
12.270174
12.272166
12.274161
12.276164
12.278168
12.280167
12.282174
12.284168
12.286166
12.288161
12.290163
12.292166
12.294161
12.296299
12.298157
12.300167
12.302156
12.304201
12.306162
12.308158
12.310158
12.312158
12.314160
12.316157
12.318158
12.320192
12.322166
12.324154
12.326158
12.328154
12.330157
12.332155
12.334156
12.336154
12.338154
12.340154
12.342153
12.344156
12.346159
12.348163
12.350159
12.352165
12.354164
12.356171
12.358172
12.360160
12.362154
12.364157
12.366157
12.368158
12.370159
12.372173
12.374156
12.376155
12.378154
12.380158
12.382153
12.384173
12.386164
12.388174
12.390155
12.392162
12.394160
12.396193
12.398161
12.400164
12.402157
12.404161
12.406157
12.408157
12.410163
12.412262
12.414196
12.416159
12.418159
12.420229
12.422171
12.424155
12.426212
12.428192
12.430160
12.432162
12.434182
12.436181
12.438158
12.440182
12.442164
12.444170
12.446164
12.448172
12.450195
12.452163
12.454218
12.456248
12.458175
12.460174
12.462159
12.464165
12.466161
12.468174
12.470196
12.472161
12.474170
12.476177
12.478199
12.480157
12.482175
12.484158
12.486182
12.488246
12.490166
12.492166
12.494169
12.496159
12.498161
12.500168
12.502170
12.504209
12.506163
12.508164
12.510168
12.512167
12.514174
12.516159
12.518166
12.520163
12.522155
12.524158
12.526158
12.528156
12.530154
12.532153
12.534158
12.536165
12.538183
12.540165
12.542161
12.544164
12.546161
12.548158
12.550164
12.552161
12.554165
12.556166
12.558159
12.560163
12.562163
12.564163
12.566157
12.568174
12.570204
12.572157
12.574156
12.576154
12.578167
12.580219
12.582158
12.584203
12.586161
12.588160
12.590166
12.592157
12.594158
12.596154
12.598159
12.600206
12.602158
12.604159
12.606166
12.608157
12.610166
12.612172
12.614171
12.616221
12.618167
12.620157
12.622168
12.624163
12.626169
12.628183
12.630200
12.632191
12.634164
12.636172
12.638190
12.640157
12.642169
12.644196
12.646161
12.648156
12.650170
12.652160
12.654162
12.656165
12.658157
12.660156
12.662212
12.664165
12.666156
12.668189
12.670157
12.672160
12.674189
12.676162
12.678165
12.680182
12.682156
12.684177
12.686160
12.688164
12.690158
12.692175
12.694160
12.696156
12.698156
12.700246
12.702200
12.704195
12.706172
12.708196
12.710163
12.712205
12.714165
12.716154
12.718162
12.720172
12.722191
12.724166
12.726164
12.728209
12.730158
12.732155
12.734165
12.736158
12.738165
12.740159
12.742164
12.744206
12.746187
12.748176
12.750191
12.752159
12.754169
12.756158
12.758177
12.760162
12.762161
12.764239
12.766179
12.768165
12.770192
12.772167
12.774157
12.776184
12.778158
12.780167
12.782170
12.784161
12.786162
12.788154
12.790167
12.792155
12.794185
12.796158
12.798155
12.800166
12.802172
12.804163
12.806156
12.808233
12.810158
12.812161
12.814159
12.816178
12.818260
12.820167
12.822159
12.824296
12.826172
12.828161
12.830168
12.832160
12.834164
12.836169
12.838175
12.840159
12.842162
12.844161
12.846167
12.848156
12.850167
12.852166
12.854184
12.856157
12.858268
12.860166
12.862177
12.864156
12.866161
12.868160
12.870192
12.872167
12.874161
12.876153
12.878187
12.880158
12.882160
12.884190
12.886162
12.888156
12.890151
12.892159
12.894152
12.896162
12.898154
12.900182
12.902173
12.904153
12.906156
12.908157
12.910160
12.912158
12.914180
12.916168
12.918177
12.920185
12.922161
12.924156
12.926184
12.928159
12.930156
12.932187
12.934161
12.936161
12.938185
12.940159
12.942161
12.944187
12.946159
12.948157
12.950162
12.952171
12.954168
12.956171
12.958164
12.960157
12.962164
12.964168
12.966171
12.968215
12.970167
12.972162
12.974174
12.976165
12.978159
12.980157
12.982160
12.984206
12.986161
12.988160
12.990159
12.992163
12.994160
12.996165
12.998200
13.000157
13.002213
13.004185
13.006162
13.008159
13.010233
13.012168
13.014217
13.016293
13.018198
13.020160
13.022218
13.024163
13.026180
13.028174
13.030199
13.032180
13.034190
13.036165
13.038191
13.040190
13.042155
13.044161
13.046163
13.048160
13.050163
13.052167
13.054166
13.056183
13.058165
13.060174
13.062164
13.064164
13.066180
13.068177
13.070163
13.072161
13.074168
13.076166
13.078175
13.080346
13.082163
13.084169
13.086159
13.088179
13.090158
13.092160
13.094167
13.096215
13.098164
13.100159
13.102166
13.104158
13.106158
13.108158
13.110159
13.112203
13.114160
13.116161
13.118164
13.120175
13.122161
13.124160
13.126163
13.128205
13.130159
13.132158
13.134156
13.136164
13.138161
13.140159
13.142159
13.144224
13.146163
13.148159
13.150180
13.152164
13.154160
13.156162
13.158205
13.160241
13.162173
13.164163
13.166167
13.168158
13.170161
13.172162
13.174162
13.176156
13.178158
13.180184
13.182156
13.184164
13.186161
13.188163
13.190159
13.192165
13.194160
13.196157
13.198158
13.200166
13.202157
13.204271
13.206156
13.208213
13.210156
13.212159
13.214181
13.216165
13.218157
13.220158
13.222166
13.224172
13.226208
13.228163
13.230198
13.232171
13.234169
13.236161
13.238219
13.240237
13.242168
13.244160
13.246233
13.248175
13.250168
13.252158
13.254156
13.256166
13.258156
13.260161
13.262156
13.264156
13.266155
13.268159
13.270158
13.272167
13.274151
13.276162
13.278160
13.280154
13.282168
13.284158
13.286174
13.288257
13.290185
13.292172
13.294158
13.296191
13.298202
13.300157
13.302157
13.304186
13.306153
13.308168
13.310184
13.312153
13.314156
13.316184
13.318169
13.320155
13.322191
13.324178
13.326160
13.328183
13.330186
13.332151
13.334164
13.336270
13.338177
13.340162
13.342163
13.344158
13.346173
13.348162
13.350199
13.352220
13.354173
13.356160
13.358168
13.360163
13.362156
13.364156
13.366162
13.368221
13.370178
13.372157
13.374159
13.376159
13.378156
13.380169
13.382154
13.384206
13.386161
13.388155
13.390156
13.392163
13.394160
13.396158
13.398158
13.400215
13.402165
13.404157
13.406159
13.408164
13.410163
13.412178
13.414168
13.416175
13.418170
13.420157
13.422166
13.424173
13.426164
13.428158
13.430165
13.432210
13.434170
13.436161
13.438169
13.440158
13.442177
13.444157
13.446176
13.448207
13.450177
13.452221
13.454161
13.456156
13.458159
13.460157
13.462159
13.464158
13.466191
13.468160
13.470162
13.472157
13.474160
13.476158
13.478187
13.480216
13.482171
13.484165
13.486173
13.488163
13.490157
13.492161
13.494160
13.496179
13.498190
13.500166
13.502161
13.504182
13.506170
13.508165
13.510160
13.512156
13.514163
13.516171
13.518189
13.520186
13.522162
13.524157
13.526161
13.528210
13.530162
13.532212
13.534166
13.536160
13.538173
13.540163
13.542159
13.544175
13.546171
13.548164
13.550186
13.552158
13.554186
13.556155
13.558159
13.560157
13.562157
13.564167
13.566156
13.568184
13.570214
13.572157
13.574157
13.576153
13.578159
13.580177
13.582189
13.584162
13.586165
13.588160
13.590164
13.592176
13.594161
13.596159
13.598156
13.600197
13.602162
13.604162
13.606164
13.608168
13.610202
13.612168
13.614156
13.616159
13.618160
13.620279
13.622169
13.624156
13.626162
13.628152
13.630171
13.632164
13.634161
13.636178
13.638180
13.640168
13.642163
13.644157
13.646160
13.648161
13.650158
13.652162
13.654157
13.656156
13.658160
13.660159
13.662156
13.664157
13.666162
13.668161
13.670159
13.672156
13.674162
13.676163
13.678169
13.680156
13.682151
13.684157
13.686163
13.688154
13.690155
13.692163
13.694156
13.696156
13.698157
13.700164
13.702205
13.704156
13.706159
13.708156
13.710157
13.712155
13.714156
13.716180
13.718166
13.720177
13.722163
13.724164
13.726192
13.728158
13.730163
13.732160
13.734164
13.736168
13.738165
13.740166
13.742164
13.744157
13.746171
13.748160
13.750162
13.752168
13.754160
13.756157
13.758163
13.760160
13.762162
13.764163
13.766155
13.768204
13.770160
13.772158
13.774159
13.776158
13.778155
13.780159
13.782160
13.784200
13.786223
13.788171
13.790177
13.792170
13.794155
13.796160
13.798154
13.800205
13.802171
13.804168
13.806172
13.808156
13.810157
13.812162
13.814167
13.816203
13.818159
13.820166
13.822164
13.824157
13.826161
13.828185
13.830172
13.832207
13.834159
13.836157
13.838156
13.840153
13.842157
13.844153
13.846160
13.848270
13.850162
13.852162
13.854158
13.856156
13.858156
13.860161
13.862159
13.864201
13.866170
13.868193
13.870186
13.872173
13.874161
13.876157
13.878207
13.880206
13.882156
13.884157
13.886157
13.888154
13.890185
13.892186
13.894345
13.896214
13.898199
